PUBLIC_DEFAULT_LAT=9.755843159204273
PUBLIC_DEFAULT_LNG=126.05725860101786